%YAML:1.0
my_svm: !!opencv-ml-svm
   svm_type: NU_SVC
   kernel: { type:RBF, gamma:1.5000000000000001e-04 }
   nu: 8.9999999999999997e-02
   term_criteria: { epsilon:2.2204460492503131e-16, iterations:100000 }
   var_all: 9
   var_count: 9
   class_count: 2
   class_labels: !!opencv-matrix
      rows: 1
      cols: 2
      dt: i
      data: [ 0, 1 ]
   sv_total: 134
   support_vectors:
      - [ 6., 6.90625000e+01, 3.94964325e+02, 200., 4., 4.33333349e+00,
          1.88888884e+00, 3.83333325e+00, 4.13888884e+00 ]
      - [ 7., 1.38828206e+00, 6.04444504e+00, 190., 158., 4.,
          3.33333325e+00, 3.83333325e+00, 2.80555558e+00 ]
      - [ 5., 8.51863003e+00, 4.49500704e+00, 208., 48., 3.83333325e+00,
          4.13888884e+00, 3.83333325e+00, 2.80555558e+00 ]
      - [ 14., 1.48057985e+00, 2.08808064e+00, 99., 56., 4.50000000e+00,
          1.89166660e+01, 5.83333349e+00, 1.51388893e+01 ]
      - [ 7., 1.90909100e+01, 1.30167618e+02, 100., 11., 4.83333349e+00,
          2.47222233e+00, 4.16666651e+00, 3.13888884e+00 ]
      - [ 6., 1.58353734e+00, 5.26918125e+00, 43., -116., 3.33333325e+00,
          1.88888884e+00, 3.83333325e+00, 2.47222233e+00 ]
      - [ 11., 2.05510349e+01, 1.41135727e+02, 145., 10., 4.16666651e+00,
          1.11388893e+01, 4.16666651e+00, 1.11388893e+01 ]
      - [ 12., 7.54362106e+01, 4.45806641e+02, 135., 38., 1.01666670e+01,
          1.38055553e+01, 4.83333349e+00, 2.24722214e+01 ]
      - [ 7., 2.65495777e+00, 2.89362431e+00, 64., -14., 4.83333349e+00,
          2.13888884e+00, 4.33333349e+00, 2.55555558e+00 ]
      - [ 9., 2.09660578e+00, 2.58174324e+00, 153., 54., 5., 8.,
          4.83333349e+00, 1.14722223e+01 ]
      - [ 12., 2.31942863e+01, 4.74694214e+01, 140., 1., 9.33333302e+00,
          1.42222223e+01, 5.16666651e+00, 1.41388893e+01 ]
      - [ 9., 8.83820248e+00, 3.30214081e+01, 89., 89., 8.33333302e+00,
          9.88888931e+00, 4., 7. ]
      - [ 10., 1.34336672e+01, 4.55067482e+01, 128., 13., 4.33333349e+00,
          8.22222233e+00, 4.33333349e+00, 8.22222233e+00 ]
      - [ 6., 5.19920807e+01, 2.75248779e+02, 202., 4., 4.,
          3.33333325e+00, 4., 3.33333325e+00 ]
      - [ 7., 8.18645859e+01, 1.17249489e+02, 192., -2., 5.16666651e+00,
          2.80555558e+00, 4.66666651e+00, 5.22222233e+00 ]
      - [ 9., 7.36019421e+00, 4.59133530e+01, 103., -91., 4., 6.,
          4.16666651e+00, 5.47222233e+00 ]
      - [ 15., 9.63763714e+00, 5.02466698e+01, 101., 2., 6.50000000e+00,
          1.85833340e+01, 4.66666651e+00, 2.15555553e+01 ]
      - [ 10., 1.19618057e+02, 7.55026550e+02, 144., 9., 4., 12.,
          4.16666651e+00, 1.08055553e+01 ]
      - [ 12., 7.99970398e+01, 4.99206604e+02, 139., -3., 9.16666698e+00,
          1.38055553e+01, 4.16666651e+00, 1.51388893e+01 ]
      - [ 9., 3.74321594e+01, 7.15951004e+01, 137., 9., 4.50000000e+00,
          7.58333349e+00, 4., 9.33333302e+00 ]
      - [ 8., 1.71092777e+01, 1.29177994e+02, 97., 5., 5.16666651e+00,
          4.80555534e+00, 4.50000000e+00, 4.91666651e+00 ]
      - [ 10., 5.46196938e+01, 1.78796082e+02, 147., 9., 4.50000000e+00,
          1.02500000e+01, 4.33333349e+00, 1.12222223e+01 ]
      - [ 6., 7.47115374e+00, 4.87188244e+00, 208., 108., 4.83333349e+00,
          1.80555558e+00, 3.83333325e+00, 4.13888884e+00 ]
      - [ 12., 4.94843912e+00, 1.39125042e+01, 140., -4., 5.33333349e+00,
          2.32222214e+01, 4.83333349e+00, 2.58055553e+01 ]
      - [ 11., 6.59147978e+00, 1.83683548e+01, 96., 8., 6.83333349e+00,
          3.01388893e+01, 4.33333349e+00, 1.05555553e+01 ]
      - [ 7., 7.12562037e+00, 7.10359741e+02, 194., 73., 3.83333325e+00,
          6.47222233e+00, 4.50000000e+00, 4.91666651e+00 ]
      - [ 11., 6.62666702e+01, 2.56056793e+02, 138., 1., 8.66666698e+00,
          1.62222214e+01, 3.83333325e+00, 1.04722223e+01 ]
      - [ 7., 1.80560436e+01, 2.00798569e+01, 171., -13., 6.50000000e+00,
          1.91666663e+00, 4.33333349e+00, 2.55555558e+00 ]
      - [ 7., 3.20893478e+01, 2.16822796e+01, 194., -14., 4.66666651e+00,
          5.22222233e+00, 4.50000000e+00, 3.58333325e+00 ]
      - [ 9., 1.78600006e+01, 1.45990585e+02, 156., 11., 7.16666651e+00,
          3.80555558e+00, 4.33333349e+00, 9.55555534e+00 ]
      - [ 9., 8.24890327e+00, 1.34368164e+02, 109., 7., 3.83333325e+00,
          6.47222233e+00, 4., 6. ]
      - [ 6., 3.80204086e+01, 4.88254242e+01, 196., -2., 3.50000000e+00,
          4.91666651e+00, 4.50000000e+00, 3.25000000e+00 ]
      - [ 9., 1.42224398e+01, 7.51129913e+01, 153., 6., 3.83333325e+00,
          5.80555534e+00, 3.83333325e+00, 5.80555534e+00 ]
      - [ 7., 5.63295889e+00, 3.22095146e+01, 156., 46., 3.83333325e+00,
          2.47222233e+00, 3.83333325e+00, 2.47222233e+00 ]
      - [ 7., 3.98350525e+01, 7.23183823e+01, 194., 17., 4.66666651e+00,
          3.22222233e+00, 3.83333325e+00, 4.47222233e+00 ]
      - [ 6., 8.16767654e+01, 1.67708145e+02, 198., 4., 4.16666651e+00,
          4.13888884e+00, 4.16666651e+00, 5.13888884e+00 ]
      - [ 11., 1.40352573e+01, 4.65599861e+01, 89., -8., 8.,
          1.16666670e+01, 6.16666651e+00, 5.80555534e+00 ]
      - [ 13., 8.81379604e+00, 6.25193405e+01, 112., -6., 1.25000000e+01,
          2.65833340e+01, 5.50000000e+00, 2.15833340e+01 ]
      - [ 9., 1.64164028e+01, 4.88839340e+01, 135., 29., 4.16666651e+00,
          7.47222233e+00, 4., 7.66666651e+00 ]
      - [ 6., 8.56161652e+01, 2.30108932e+02, 198., 4., 5.,
          1.33333337e+00, 3.83333325e+00, 4.80555534e+00 ]
      - [ 12., 2.34760559e+02, 1.39099170e+03, 142., 8., 6.33333349e+00,
          2.55555553e+01, 4.16666651e+00, 2.38055553e+01 ]
      - [ 26., 2.95972843e+01, 1.10919594e+02, 39., -6., 1.06666670e+01,
          1.19888885e+02, 5.83333349e+00, 8.18055573e+01 ]
      - [ 6., 1.10206894e+02, 1.24843542e+03, 203., 3., 4.50000000e+00,
          2.58333325e+00, 3.83333325e+00, 4.13888884e+00 ]
      - [ 26., 1.40828949e+02, 1.06497070e+03, 19., -1., 1.75000000e+01,
          8.35833359e+01, 7.16666651e+00, 7.54722214e+01 ]
      - [ 19., 1.57480560e+02, 1.01575555e+03, 72., 20., 4.16666651e+00,
          4.41388893e+01, 3.83333325e+00, 4.64722214e+01 ]
      - [ 11., 2.80246677e+01, 3.00959473e+02, 78., -15., 6.16666651e+00,
          1.21388893e+01, 5., 1.83333340e+01 ]
      - [ 20., 1.03335602e+02, 1.00689490e+03, 21., 0., 17.,
          1.17333336e+02, 4.66666651e+00, 4.75555573e+01 ]
      - [ 6., 5.78148155e+01, 4.93190491e+02, 54., -2., 4.66666651e+00,
          5.22222233e+00, 3.83333325e+00, 4.80555534e+00 ]
      - [ 10., 3.47521362e+01, 8.52294159e+01, 143., 19., 8.83333302e+00,
          6.47222233e+00, 5., 1.33333330e+01 ]
      - [ 26., 5.23360634e+01, 2.14698990e+02, 67., -136.,
          1.05000000e+01, 1.01583336e+02, 5.83333349e+00, 8.18055573e+01 ]
      - [ 8., 1.30479645e+02, 1.38329260e+03, 34., 3., 7.66666651e+00,
          1.25555553e+01, 4., 7.33333349e+00 ]
      - [ 21., 8.69727783e+01, 5.90911072e+02, 87., 15., 4.50000000e+00,
          5.45833321e+01, 4., 5.83333321e+01 ]
      - [ 11., 2.66712341e+02, 2.27000220e+03, 73., -2., 4.,
          1.63333340e+01, 4., 1.63333340e+01 ]
      - [ 17., 1.05757782e+02, 7.76850342e+02, 34., 5., 1.05000000e+01,
          2.12500000e+01, 5.50000000e+00, 3.19166660e+01 ]
      - [ 6., 126., 1.07020789e+03, 25., -4., 1.53333330e+01,
          1.00888885e+02, 4., 3. ]
      - [ 6., 2.81557980e+01, 7.18307037e+01, 60., 35., 4.83333349e+00,
          2.47222233e+00, 3.83333325e+00, 2.47222233e+00 ]
      - [ 17., 2.11653118e+01, 4.54433632e+01, 108., 3., 1.25000000e+01,
          5.09166679e+01, 4.33333349e+00, 3.25555573e+01 ]
      - [ 8., 3.01281605e+01, 8.71925659e+01, 153., 21., 5.66666651e+00,
          2.88888884e+00, 4.16666651e+00, 4.47222233e+00 ]
      - [ 26., 1.02453949e+02, 3.92973053e+02, 76., 8., 19., 88.,
          7.33333349e+00, 7.58888855e+01 ]
      - [ 8., 5.09558830e+01, 1.58160477e+02, 40., 4., 15., 125., 4., 8. ]
      - [ 11., 3.87422218e+01, 5.81125526e+01, 135., -36.,
          4.50000000e+00, 1.82500000e+01, 4.33333349e+00, 1.92222214e+01 ]
      - [ 10., 7.74520111e+01, 4.21317322e+02, 95., 2., 1.01666670e+01,
          2.44722214e+01, 5., 8. ]
      - [ 10., 1.14203835e+01, 1.63270035e+02, 89., -2., 13., 56.,
          4.50000000e+00, 7.25000000e+00 ]
      - [ 26., 4.43405571e+01, 2.91957062e+02, 19., 0., 1.46666670e+01,
          1.30222229e+02, 6.83333349e+00, 7.54722214e+01 ]
      - [ 26., 6.06851845e+01, 4.60217712e+02, 18., 0., 14.,
          1.15333336e+02, 6.50000000e+00, 7.65833359e+01 ]
      - [ 26., 1.22514168e+02, 1.22397253e+03, 19., -5., 18., 83.,
          7.16666651e+00, 7.78055573e+01 ]
      - [ 26., 1.38821426e+02, 1.59500940e+03, 20., 2., 19.,
          1.03333336e+02, 6.50000000e+00, 8.45833359e+01 ]
      - [ 9., 3.40052986e+01, 3.89214172e+01, 151., 32., 4.,
          1.06666670e+01, 4., 1.06666670e+01 ]
      - [ 8., 1.24941177e+02, 1.14130383e+03, 25., -2., 1.36666670e+01,
          7.48888855e+01, 4.16666651e+00, 6.47222233e+00 ]
      - [ 23., 9.95789490e+01, 2.57955322e+02, 78., -8., 9.16666698e+00,
          1.18805557e+02, 6.50000000e+00, 5.85833321e+01 ]
      - [ 7., 7.26390533e+01, 6.72991394e+02, 52., 4., 4.83333349e+00,
          3.13888884e+00, 3.83333325e+00, 5.80555534e+00 ]
      - [ 13., 4.64055481e+01, 1.94219376e+02, 129., 13., 9.66666698e+00,
          1.15555553e+01, 4.66666651e+00, 2.18888893e+01 ]
      - [ 13., 1.90806396e+02, 8.21744202e+02, 132., 40., 1.03333330e+01,
          1.78888893e+01, 4.66666651e+00, 1.62222214e+01 ]
      - [ 6., 4.88862762e+01, 2.23653168e+02, 204., 4., 4.16666651e+00,
          3.80555558e+00, 4.16666651e+00, 3.80555558e+00 ]
      - [ 6., 6.02415466e+01, 5.82981079e+02, 207., 8., 4., 5., 4.,
          4.66666651e+00 ]
      - [ 26., 46., 6.76418839e+01, 66., -141., 1.55000000e+01,
          1.16583336e+02, 6.16666651e+00, 7.88055573e+01 ]
      - [ 8., 6.76615067e+01, 4.09519836e+02, 102., -10., 3.83333325e+00,
          6.13888884e+00, 3.83333325e+00, 6.13888884e+00 ]
      - [ 8., 1.81354504e+01, 2.94711819e+01, 45., 22., 6.83333349e+00,
          8.13888931e+00, 4.83333349e+00, 2.47222233e+00 ]
      - [ 26., 1.51421051e+02, 9.06761658e+02, 19., -6., 17., 90.,
          7.50000000e+00, 7.95833359e+01 ]
      - [ 26., 7.39605255e+01, 5.83504028e+02, 19., 0., 1.75000000e+01,
          1.01583336e+02, 6.50000000e+00, 7.75833359e+01 ]
      - [ 6., 1.82361107e+01, 3.52607193e+01, 48., 26., 4.16666651e+00,
          1.47222221e+00, 4., 2.33333325e+00 ]
      - [ 26., 2.11110153e+01, 3.15152283e+02, 28., -2., 1.78333340e+01,
          1.11472221e+02, 6.83333349e+00, 7.41388855e+01 ]
      - [ 13., 7.83348770e+01, 2.67683105e+02, 127., 29., 4.16666651e+00,
          2.24722214e+01, 4.66666651e+00, 1.95555553e+01 ]
      - [ 11., 1.70694077e+02, 5.28321106e+02, 152., 48., 8.33333302e+00,
          7.22222233e+00, 4.50000000e+00, 1.32500000e+01 ]
      - [ 7., 2.51621628e+01, 4.10310020e+01, 54., 35., 5.16666651e+00,
          1.13888884e+00, 5., 2.33333325e+00 ]
      - [ 26., 1.33193878e+02, 8.24129517e+02, 21., -5., 1.85000000e+01,
          1.12583336e+02, 7., 7.23333359e+01 ]
      - [ 11., 2.65945950e+01, 1.31088776e+02, 86., -57., 8.83333302e+00,
          1.14722223e+01, 5., 1.03333330e+01 ]
      - [ 8., 3.18842602e+01, 4.07775230e+01, 108., 4., 1.16666670e+01,
          3.82222214e+01, 4.66666651e+00, 5.22222233e+00 ]
      - [ 9., 3.87922211e+01, 1.60950699e+02, 124., 16., 7.83333349e+00,
          3.47222233e+00, 4.33333349e+00, 8.55555534e+00 ]
      - [ 12., 2.26962414e+01, 1.64073658e+01, 133., -19., 6.,
          1.66666660e+01, 5.50000000e+00, 2.02500000e+01 ]
      - [ 10., 1.78891716e+01, 1.46117954e+01, 157., 10., 6.66666651e+00,
          4.55555534e+00, 4.66666651e+00, 6.55555534e+00 ]
      - [ 14., 1.15136627e+02, 6.84318176e+02, 67., -3., 5.,
          2.03333340e+01, 4.16666651e+00, 2.44722214e+01 ]
      - [ 9., 7.06033478e+01, 4.87838806e+02, 27., 1., 1.53333330e+01,
          1.18555557e+02, 4., 5.66666651e+00 ]
      - [ 8., 1.49854370e+02, 4.27953003e+02, 103., 27., 3.66666675e+00,
          8.55555534e+00, 3.83333325e+00, 7.47222233e+00 ]
      - [ 10., 3.15325470e+01, 3.14430103e+01, 142., 15., 6.50000000e+00,
          1.02500000e+01, 4.50000000e+00, 1.62500000e+01 ]
      - [ 12., 3.95195694e+01, 9.26073914e+01, 132., 21., 6.,
          8.66666698e+00, 5., 13. ]
      - [ 15., 3.79166679e+01, 7.72931290e+01, 120., -30.,
          5.83333349e+00, 2.34722214e+01, 5.16666651e+00, 2.68055553e+01 ]
      - [ 21., 5.02419815e+01, 3.66035065e+02, 98., 44., 5.50000000e+00,
          5.72500000e+01, 5.33333349e+00, 5.88888893e+01 ]
      - [ 26., 1.20400002e+02, 9.39561401e+02, 75., -127.,
          1.45000000e+01, 1.11583336e+02, 6.50000000e+00, 7.79166641e+01 ]
      - [ 16., 9.31999969e+01, 8.91955383e+02, 17., 0., 1.51666670e+01,
          8.28055573e+01, 4.33333349e+00, 2.82222214e+01 ]
      - [ 16., 1.66602570e+02, 1.33820837e+03, 24., -1., 1.63333340e+01,
          1.15222221e+02, 4.66666651e+00, 2.62222214e+01 ]
      - [ 13., 8.97668076e+00, 2.99333252e+02, 90., -2., 1.51666670e+01,
          7.04722214e+01, 4.50000000e+00, 1.69166660e+01 ]
      - [ 8., 1.15769608e+02, 8.67367188e+02, 24., 0., 9.66666698e+00,
          2.12222214e+01, 3.83333325e+00, 6.80555534e+00 ]
      - [ 11., 1.88095245e+01, 1.85116787e+01, 150., 29., 5., 19.,
          4.66666651e+00, 2.02222214e+01 ]
      - [ 11., 4.71673470e+01, 6.83169022e+01, 70., -127.,
          3.33333325e+00, 1.18888893e+01, 4., 1.23333330e+01 ]
      - [ 26., 4.97368431e+01, 3.90798492e+02, 19., -1., 1.61666660e+01,
          1.02138885e+02, 7.50000000e+00, 7.72500000e+01 ]
      - [ 14., 56., 3.35882111e+02, 19., 1., 16., 1.08333336e+02,
          4.50000000e+00, 1.82500000e+01 ]
      - [ 9., 5.73487167e+01, 5.69041382e+02, 39., 0., 7.83333349e+00,
          1.11388893e+01, 4., 1.06666670e+01 ]
      - [ 26., 4.64860687e+01, 3.47250916e+02, 19., -1., 16.,
          1.04333336e+02, 7.16666651e+00, 8.04722214e+01 ]
      - [ 13., 7.99330826e+01, 1.88415665e+02, 132., -11.,
          7.33333349e+00, 1.82222214e+01, 4.83333349e+00, 2.98055553e+01 ]
      - [ 14., 3.21123657e+01, 1.00105904e+02, 101., 2., 14.,
          3.76666679e+01, 5.50000000e+00, 1.85833340e+01 ]
      - [ 10., 8.06185989e+01, 8.32674866e+02, 31., -7., 6.83333349e+00,
          1.44722223e+01, 4.83333349e+00, 9.80555534e+00 ]
      - [ 8., 6.26124039e+01, 3.60111481e+02, 86., -67., 1.06666670e+01,
          4.92222214e+01, 4.33333349e+00, 7.22222233e+00 ]
      - [ 7., 9.47258682e+01, 7.00914490e+02, 59., 3., 1.23333330e+01,
          9.42222214e+01, 3.83333325e+00, 3.13888884e+00 ]
      - [ 26., 1.79989899e+02, 1.98552795e+03, 77., -1., 7.66666651e+00,
          8.88888855e+01, 7.50000000e+00, 9.09166641e+01 ]
      - [ 24., 9.20514679e+01, 7.63895081e+02, 16., 0., 1.25000000e+01,
          7.15833359e+01, 6.33333349e+00, 6.85555573e+01 ]
      - [ 7., 7.96028595e+01, 3.07973206e+02, 28., -8., 3.50000000e+00,
          2.91666675e+00, 4.16666651e+00, 3.13888884e+00 ]
      - [ 15., 4.14185944e+02, 1.49866907e+03, 121., 20., 5.16666651e+00,
          2.24722214e+01, 4., 2.83333340e+01 ]
      - [ 11., 1.22097351e+02, 2.80858948e+02, 126., 47., 10.,
          2.06666660e+01, 4.16666651e+00, 1.18055553e+01 ]
      - [ 16., 5.99509964e+01, 3.11654510e+02, 19., -35., 1.43333330e+01,
          8.58888855e+01, 5., 2.66666660e+01 ]
      - [ 8., 5.71034470e+01, 2.50985458e+02, 25., 1., 15.,
          1.10333336e+02, 4.16666651e+00, 4.13888884e+00 ]
      - [ 13., 1.31573639e+02, 5.03375702e+02, 101., 20., 4.66666651e+00,
          1.65555553e+01, 3.83333325e+00, 2.04722214e+01 ]
      - [ 8., 4.30464821e+01, 9.35860214e+01, 143., 24., 8.50000000e+00,
          8.25000000e+00, 4.33333349e+00, 4.22222233e+00 ]
      - [ 10., 4.94822121e+01, 9.60645599e+01, 143., 22., 4.50000000e+00,
          9.58333302e+00, 3.83333325e+00, 1.24722223e+01 ]
      - [ 18., 2.86547623e+01, 4.71097832e+01, 105., 7., 13., 47.,
          5.33333349e+00, 3.32222214e+01 ]
      - [ 14., 1.66486492e+01, 1.02061905e+02, 74., 6., 1.26666670e+01,
          7.12222214e+01, 5.66666651e+00, 1.75555553e+01 ]
      - [ 26., 3.31108627e+01, 2.33639389e+02, 19., 2., 1.61666660e+01,
          1.01472221e+02, 7., 77. ]
      - [ 20., 1.81254105e+02, 1.75735388e+03, 61., -12., 4.83333349e+00,
          4.64722214e+01, 5.16666651e+00, 4.61388893e+01 ]
      - [ 11., 1.50941650e+02, 9.22178589e+02, 134., 33., 9.83333302e+00,
          1.24722223e+01, 4.33333349e+00, 1.18888893e+01 ]
      - [ 10., 2.54588432e+01, 1.79837219e+02, 121., 13., 9.66666698e+00,
          2.35555553e+01, 4., 9.66666698e+00 ]
      - [ 26., 6.33703690e+01, 4.85926392e+02, 18., -2., 15., 112.,
          7.50000000e+00, 7.45833359e+01 ]
      - [ 7., 8.41451187e+01, 5.98640991e+02, 29., 1., 1.56666670e+01,
          1.00888885e+02, 4.33333349e+00, 2.88888884e+00 ]
      - [ 11., 1.74223595e+01, 1.31228943e+02, 46., 2., 5.,
          8.33333302e+00, 4.83333349e+00, 9.13888931e+00 ]
      - [ 25., 1.45666672e+02, 1.38294006e+03, 20., 1., 1.81666660e+01,
          1.15138885e+02, 6.16666651e+00, 7.11388855e+01 ]
   decision_functions:
      -
         sv_count: 134
         rho: 5.9758976522238638e-01
         alpha: [ 1.2023172128706907e+00, 1.1699461093005965e+00,
             6.8601097805141587e-01, 4.4723372113580268e-01,
             1.5204117090280529e+00, 1.2136398660045822e+00,
             1.5204117090280529e+00, 1.5204117090280529e+00,
             1.1327632988462433e+00, 7.4118719237460950e-01,
             1.5204117090280529e+00, 1.5204117090280529e+00,
             1.5204117090280529e+00, 1.3626275110455999e+00,
             1.5204117090280529e+00, 1.5204117090280529e+00,
             1.5204117090280529e+00, 1.5204117090280529e+00,
             1.5204117090280529e+00, 1.5204117090280529e+00,
             1.5204117090280529e+00, 1.5204117090280529e+00,
             2.3457389253581795e-01, 1.5204117090280529e+00,
             1.4633652247237763e+00, 1.5204117090280529e+00,
             1.5204117090280529e+00, 4.5886230151617435e-01,
             1.5204117090280529e+00, 1.5204117090280529e+00,
             1.5204117090280529e+00, 5.5785415074754285e-01,
             4.5270289370754141e-02, 1.4132843463612357e-01,
             1.5204117090280529e+00, 1.7360676583879303e-01,
             1.5204117090280529e+00, 1.5204117090280529e+00,
             1.5204117090280529e+00, 1.5204117090280529e+00,
             1.5204117090280529e+00, -1.5512088947115618e-01,
             -4.0504256008475115e-01, -1.5249710928814464e-01,
             -2.4968857836709088e-01, -7.3411972829583769e-02,
             -2.0369861153135146e-01, -3.4269122528750040e-01,
             -1.5204117090280529e+00, -3.4327337633780181e-01,
             -3.9739707825119747e-01, -1.3628527392019263e-01,
             -4.0241010293481966e-01, -2.2651842889180254e-01,
             -1.1628314035289178e-01, -2.3033896528279932e-01,
             -1.5204117090280529e+00, -1.5204117090280529e+00,
             -8.3238796112103983e-02, -2.2989688172726877e-03,
             -1.5204117090280529e+00, -6.1756811789819999e-01,
             -2.9791635304220171e-01, -1.4911007326920073e-01,
             -1.9817556729047972e-01, -3.3785329405915948e-01,
             -3.9998510170510382e-01, -1.5204117090280529e+00,
             -2.5580094962597749e-01, -1.0726207752174328e-01,
             -1.0218879643948064e-01, -1.3294715322208470e+00,
             -6.3234224564741293e-01, -1.5204117090280529e+00,
             -6.6584919534719056e-01, -2.8762805519827278e-01,
             -7.9728544494580722e-01, -1.5204117090280529e+00,
             -1.9438606816218687e-01, -2.2390679482754142e-01,
             -1.5204117090280529e+00, -5.4599656875618068e-02,
             -1.4472828835660234e+00, -2.5636690735163692e-01,
             -3.6244945691782765e-01, -2.0815706490486788e-01,
             -9.8455417322910921e-01, -1.5204117090280529e+00,
             -1.5204117090280529e+00, -1.5204117090280529e+00,
             -1.5204117090280529e+00, -4.0726528738091328e-01,
             -1.7098435459231484e-01, -2.7442121908511508e-01,
             -1.5204117090280529e+00, -1.5204117090280529e+00,
             -1.2200450811202865e+00, -2.0482647393105563e-01,
             -3.8045665572184129e-01, -1.2504346997455734e-01,
             -2.2754663345247533e-01, -5.2311616998580161e-02,
             -7.4186865163778815e-02, -1.5204117090280529e+00,
             -1.1740432218183401e+00, -6.5422191967267632e-02,
             -4.7704387467261730e-02, -1.2836430003945262e-01,
             -1.0761029680297258e-02, -6.3297380385938318e-01,
             -7.1976506679327035e-02, -1.9362869487307963e-01,
             -2.3431699603992714e-02, -2.3416435132755709e-01,
             -4.0232401117707134e-01, -1.0004988541108413e-01,
             -9.7089457163023390e-02, -4.0435402909410800e-01,
             -1.5135721132964419e-01, -4.4293801972805476e-02,
             -7.3366160753893933e-02, -1.0162605028849239e+00,
             -1.5204117090280529e+00, -7.0836787621124908e-01,
             -9.4856243911212612e-02, -3.3943573968109385e-03,
             -7.3455775509127172e-02, -4.0021936785950352e-01,
             -2.6546758651690983e-01, -1.5204117090280529e+00,
             -2.2752770931690888e-03, -1.1664714235214695e-01,
             -1.3586997557030029e+00, -2.5192115536808235e-01 ]
         index: [ 0, 1, 2, 3, 4, 5, 6, 7, 8, 9, 10, 11, 12, 13, 14, 15,
             16, 17, 18, 19, 20, 21, 22, 23, 24, 25, 26, 27, 28, 29, 30,
             31, 32, 33, 34, 35, 36, 37, 38, 39, 40, 41, 42, 43, 44, 45,
             46, 47, 48, 49, 50, 51, 52, 53, 54, 55, 56, 57, 58, 59, 60,
             61, 62, 63, 64, 65, 66, 67, 68, 69, 70, 71, 72, 73, 74, 75,
             76, 77, 78, 79, 80, 81, 82, 83, 84, 85, 86, 87, 88, 89, 90,
             91, 92, 93, 94, 95, 96, 97, 98, 99, 100, 101, 102, 103, 104,
             105, 106, 107, 108, 109, 110, 111, 112, 113, 114, 115, 116,
             117, 118, 119, 120, 121, 122, 123, 124, 125, 126, 127, 128,
             129, 130, 131, 132, 133 ]
