%YAML:1.0
my_svm: !!opencv-ml-svm
   svm_type: NU_SVC
   kernel: { type:RBF, gamma:1.5000000000000001e-04 }
   nu: 2.9999999999999999e-02
   term_criteria: { epsilon:2.2204460492503131e-16, iterations:100000 }
   var_all: 9
   var_count: 9
   class_count: 2
   class_labels: !!opencv-matrix
      rows: 1
      cols: 2
      dt: i
      data: [ 0, 1 ]
   sv_total: 177
   support_vectors:
      - [ 11., 1.95627594e+01, 3.80682953e+02, 136., 1., 8.66666698e+00,
          1.35555553e+01, 4.83333349e+00, 1.94722214e+01 ]
      - [ 14., 1.46569014e+01, 6.49694290e+01, 87., 0., 6.66666651e+00,
          1.22222223e+01, 5.33333349e+00, 1.62222214e+01 ]
      - [ 6., 1.02857141e+01, 8.32974815e+00, 205., 105., 4.16666651e+00,
          2.47222233e+00, 4., 3.33333325e+00 ]
      - [ 6., 1.50746355e+01, 1.44513397e+02, 103., 19., 3.16666675e+00,
          3.13888884e+00, 4., 2.33333325e+00 ]
      - [ 14., 1.72024708e+01, 7.63139267e+01, 94., -8., 7.66666651e+00,
          1.75555553e+01, 4.66666651e+00, 1.85555553e+01 ]
      - [ 10., 5.75072479e+01, 1.19171265e+02, 138., 7., 9.16666698e+00,
          1.04722223e+01, 4.16666651e+00, 1.04722223e+01 ]
      - [ 11., 6.62666702e+01, 2.56056793e+02, 138., 1., 8.66666698e+00,
          1.62222214e+01, 3.83333325e+00, 1.04722223e+01 ]
      - [ 7., 1.21239128e+02, 3.95338104e+02, 184., 10., 5.83333349e+00,
          4.80555534e+00, 4.50000000e+00, 5.58333349e+00 ]
      - [ 8., 1.26912594e+01, 9.77304230e+01, 86., -10., 4.66666651e+00,
          3.55555558e+00, 4.66666651e+00, 3.55555558e+00 ]
      - [ 7., 1.75695286e+01, 8.51120911e+01, 95., -5., 8.,
          8.66666698e+00, 4., 3. ]
      - [ 9., 1.07448063e+01, 1.28382339e+02, 95., 0., 4.,
          6.33333349e+00, 4.50000000e+00, 4.58333349e+00 ]
      - [ 9., 1.62224598e+01, 2.45817062e+02, 91., 11., 4.33333349e+00,
          4.88888884e+00, 4., 5.66666651e+00 ]
      - [ 9., 1.25766363e+01, 1.06786842e+02, 76., -5., 5.16666651e+00,
          5.13888884e+00, 4.83333349e+00, 5.13888884e+00 ]
      - [ 6., 1.10206894e+02, 1.24843542e+03, 203., 3., 4.50000000e+00,
          2.58333325e+00, 3.83333325e+00, 4.13888884e+00 ]
      - [ 12., 1.29418983e+01, 1.83228027e+02, 139., -1., 7., 13.,
          5.33333349e+00, 2.42222214e+01 ]
      - [ 9., 3.24545441e+01, 8.03645325e+01, 110., -5., 5.16666651e+00,
          5.80555534e+00, 4., 5.33333349e+00 ]
      - [ 9., 5.53928566e+01, 1.41101212e+02, 140., -16., 5.50000000e+00,
          1.35833330e+01, 3.83333325e+00, 5.80555534e+00 ]
      - [ 10., 5.91182327e+01, 1.35827377e+02, 156., -17., 5.,
          1.13333330e+01, 3.83333325e+00, 1.64722214e+01 ]
      - [ 17., 1.47753944e+01, 7.90620346e+01, 108., -52.,
          5.83333349e+00, 4.34722214e+01, 5.66666651e+00, 4.52222214e+01 ]
      - [ 20., 2.34945526e+01, 4.45312424e+01, 90., -20., 7.,
          3.46666679e+01, 7.50000000e+00, 3.22500000e+01 ]
      - [ 10., 2.31176472e+01, 2.66117737e+02, 119., 8., 8.66666698e+00,
          2.15555553e+01, 3.83333325e+00, 9.13888931e+00 ]
      - [ 6., 1.29668369e+01, 1.08233604e+02, 80., 5., 4.50000000e+00,
          5.58333349e+00, 3.83333325e+00, 3.13888884e+00 ]
      - [ 9., 1.36425362e+01, 1.48702362e+02, 99., -45., 6.66666651e+00,
          3.22222233e+00, 4.83333349e+00, 5.13888884e+00 ]
      - [ 16., 1.33945150e+01, 1.91123505e+02, 75., -1., 8.66666698e+00,
          2.02222214e+01, 5.66666651e+00, 2.18888893e+01 ]
      - [ 12., 8.67411518e+00, 1.55585815e+02, 109., -7., 6.33333349e+00,
          8.88888931e+00, 4.50000000e+00, 1.22500000e+01 ]
      - [ 7., 1.07710342e+02, 4.38338928e+02, 174., 3., 4.50000000e+00,
          5.58333349e+00, 4.33333349e+00, 6.55555534e+00 ]
      - [ 12., 2.34760559e+02, 1.39099170e+03, 142., 41., 6.33333349e+00,
          2.55555553e+01, 4.16666651e+00, 2.38055553e+01 ]
      - [ 6., 3.07551479e+00, 5.32837868e+00, 46., -9., 4.66666651e+00,
          3.22222233e+00, 4., 2.33333325e+00 ]
      - [ 7., 2.53768110e+00, 3.99968433e+00, 44., 32., 4.50000000e+00,
          2.91666675e+00, 4.16666651e+00, 3.80555558e+00 ]
      - [ 12., 7.99970398e+01, 4.99206604e+02, 139., -3., 9.16666698e+00,
          1.38055553e+01, 4.16666651e+00, 1.51388893e+01 ]
      - [ 10., 2.54588432e+01, 1.79837219e+02, 121., 13., 9.66666698e+00,
          2.35555553e+01, 4., 9.66666698e+00 ]
      - [ 7., 2.65297794e+00, 3.27567697e+00, 55., -50., 5.,
          3.66666675e+00, 4.16666651e+00, 2.47222233e+00 ]
      - [ 13., 7.83467484e+00, 3.96011391e+01, 73., -19., 3.50000000e+00,
          1.82500000e+01, 4., 17. ]
      - [ 10., 1.07309608e+01, 1.72472366e+02, 92., -52., 5.66666651e+00,
          1.62222214e+01, 4.16666651e+00, 1.44722223e+01 ]
      - [ 10., 2.46107054e+00, 5.61050081e+00, 12., -114.,
          4.33333349e+00, 7.88888884e+00, 4.16666651e+00, 7.80555534e+00 ]
      - [ 7., 1.69508469e+02, 3.92365753e+02, 177., -6., 6.50000000e+00,
          5.83333313e-01, 4.16666651e+00, 8.80555534e+00 ]
      - [ 15., 1.55709381e+01, 7.76982727e+01, 95., 13., 6.33333349e+00,
          1.85555553e+01, 5., 2.56666660e+01 ]
      - [ 8., 2.40116286e+00, 1.09660511e+01, 14., -117., 6.50000000e+00,
          2.95833340e+01, 4., 8.66666698e+00 ]
      - [ 9., 1.24593296e+01, 1.00761475e+02, 81., -11., 5.50000000e+00,
          4.91666651e+00, 5.33333349e+00, 3.22222233e+00 ]
      - [ 7., 1.48612671e+01, 5.35557556e+01, 83., 6., 7.66666651e+00,
          1.78888893e+01, 4.50000000e+00, 2.58333325e+00 ]
      - [ 12., 1.49846935e+01, 4.54812134e+02, 140., 2., 9.,
          1.83333340e+01, 3.83333325e+00, 1.41388893e+01 ]
      - [ 8., 1.45487919e+01, 6.99123001e+01, 87., 5., 4.16666651e+00,
          3.80555558e+00, 3.83333325e+00, 3.80555558e+00 ]
      - [ 9., 5.53750000e+01, 3.36136719e+02, 160., 56., 6.33333349e+00,
          7.22222233e+00, 4.66666651e+00, 1.08888893e+01 ]
      - [ 18., 7.81785059e+00, 1.00855232e+02, 105., 12., 5.33333349e+00,
          3.45555573e+01, 5., 3.66666679e+01 ]
      - [ 6., 1.00388351e+02, 1.44832794e+02, 206., 1., 4.83333349e+00,
          3.13888884e+00, 4., 5. ]
      - [ 8., .Inf, .Inf, 170., 29., 5., 6.66666651e+00, 3.83333325e+00,
          1.28055553e+01 ]
      - [ 7., 6.16956520e+00, 3.85865402e+00, 184., 171., 5.16666651e+00,
          3.13888884e+00, 4.33333349e+00, 2.88888884e+00 ]
      - [ 7., 1.07636360e+02, 2.78522156e+02, 176., -4., 5.16666651e+00,
          3.80555558e+00, 3.83333325e+00, 7.13888884e+00 ]
      - [ 7., 1.68455017e+00, 1.62064636e+00, 134., 120., 4.16666651e+00,
          2.80555558e+00, 3.83333325e+00, 4.47222233e+00 ]
      - [ 7., 1.03858795e+01, 3.27652344e+02, 106., -60., 5.50000000e+00,
          2.91666675e+00, 4., 6. ]
      - [ 12., 9.93389587e+01, 5.58298569e+01, 137., 5., 3., 17.,
          3.83333325e+00, 1.54722223e+01 ]
      - [ 11., 1.27483664e+01, 7.53609695e+01, 84., -2., 8.33333302e+00,
          1.05555553e+01, 5.83333349e+00, 6.13888884e+00 ]
      - [ 12., 1.71331902e+01, 4.19569733e+02, 133., 38., 8.83333302e+00,
          1.44722223e+01, 5.50000000e+00, 2.09166660e+01 ]
      - [ 13., 8.59472275e+00, 1.50314178e+02, 77., -101., 5.,
          1.96666660e+01, 4.66666651e+00, 2.15555553e+01 ]
      - [ 11., 1.37567368e+01, 7.73328094e+01, 84., 2., 7.16666651e+00,
          4.47222233e+00, 5.83333349e+00, 7.13888884e+00 ]
      - [ 14., 4.26648941e+01, 1.80401703e+02, 129., 19., 7.50000000e+00,
          3.45833321e+01, 3.83333325e+00, 2.11388893e+01 ]
      - [ 16., 9.31999969e+01, 8.91955383e+02, 17., 0., 1.51666670e+01,
          8.28055573e+01, 4.33333349e+00, 2.82222214e+01 ]
      - [ 20., 1.03335602e+02, 1.00689490e+03, 21., 0., 17.,
          1.17333336e+02, 4.66666651e+00, 4.75555573e+01 ]
      - [ 14., 8.34505081e+01, 2.29797653e+02, 66., -137.,
          4.33333349e+00, 3.08888893e+01, 4.50000000e+00, 2.95833340e+01 ]
      - [ 11., 2.66712341e+02, 2.27000220e+03, 73., -129., 4.,
          1.63333340e+01, 4., 1.63333340e+01 ]
      - [ 9., 7.06033478e+01, 4.87838806e+02, 27., 1., 1.53333330e+01,
          1.18555557e+02, 4., 5.66666651e+00 ]
      - [ 12., 1.99080887e+02, 1.27380383e+03, 136., 6., 4.33333349e+00,
          2.58888893e+01, 4.33333349e+00, 2.58888893e+01 ]
      - [ 6., 6.02415466e+01, 5.82981079e+02, 207., 6., 4., 5., 4.,
          4.66666651e+00 ]
      - [ 10., 1.24436159e+01, 7.50147705e+02, 43., 0., 16.,
          1.04333336e+02, 4.16666651e+00, 7.80555534e+00 ]
      - [ 16., 2.57610302e+01, 6.47800140e+01, 68., -140.,
          5.83333349e+00, 2.54722214e+01, 4.83333349e+00, 3.14722214e+01 ]
      - [ 26., 9.84027767e+00, 3.68571045e+02, 32., 0., 1.81666660e+01,
          1.22805557e+02, 6.33333349e+00, 7.75555573e+01 ]
      - [ 24., 9.20514679e+01, 7.63895081e+02, 16., 0., 1.25000000e+01,
          7.15833359e+01, 6.33333349e+00, 6.85555573e+01 ]
      - [ 8., 188., 9.86078613e+02, 130., 59., 8.33333302e+00,
          1.68888893e+01, 4.33333349e+00, 7.55555534e+00 ]
      - [ 17., 9.92712116e+00, 1.96543518e+02, 109., 11., 12.,
          3.43333321e+01, 5.66666651e+00, 2.75555553e+01 ]
      - [ 26., 9.23497963e+00, 4.69322906e+02, 17., 0., 1.75000000e+01,
          9.39166641e+01, 6.50000000e+00, 7.85833359e+01 ]
      - [ 10., 1.19618057e+02, 7.55026550e+02, 144., 9., 4., 12.,
          4.16666651e+00, 1.08055553e+01 ]
      - [ 17., 2.08554115e+01, 2.59039276e+02, 111., 2., 7.33333349e+00,
          2.32222214e+01, 5.83333349e+00, 2.58055553e+01 ]
      - [ 11., 7.23268661e+01, 2.75920044e+02, 134., 1., 10.,
          1.26666670e+01, 4.66666651e+00, 1.35555553e+01 ]
      - [ 19., 1.07954720e+02, 6.65242188e+02, 106., 15., 8.16666698e+00,
          5.11388893e+01, 6.50000000e+00, 6.15833321e+01 ]
      - [ 26., 1.40828949e+02, 1.06497070e+03, 19., -1., 1.75000000e+01,
          8.35833359e+01, 7.16666651e+00, 7.54722214e+01 ]
      - [ 14., 4.52242508e+01, 1.80095078e+02, 129., -43.,
          1.13333330e+01, 1.48888893e+01, 5.83333349e+00, 2.38055553e+01 ]
      - [ 10., 1.34803452e+02, 5.16816101e+02, 157., 49., 8.83333302e+00,
          8.05555582e-01, 5., 1.43333330e+01 ]
      - [ 20., 2.82633545e+02, 9.33052673e+02, 92., -16., 9.16666698e+00,
          7.11388855e+01, 4.66666651e+00, 4.78888893e+01 ]
      - [ 12., 6.69018631e+01, 2.88995209e+02, 137., -36.,
          7.83333349e+00, 1.11388893e+01, 4.66666651e+00, 2.38888893e+01 ]
      - [ 26., 1.04406776e+01, 2.17231659e+02, 19., -2., 1.71666660e+01,
          8.31388855e+01, 7.33333349e+00, 7.28888855e+01 ]
      - [ 26., 7.39605255e+01, 5.83504028e+02, 19., 0., 1.75000000e+01,
          1.01583336e+02, 6.50000000e+00, 7.75833359e+01 ]
      - [ 26., 6.06851845e+01, 4.60217712e+02, 18., 0., 14.,
          1.15333336e+02, 6.50000000e+00, 7.65833359e+01 ]
      - [ 26., 1.33193878e+02, 8.24129517e+02, 21., -5., 1.85000000e+01,
          1.12583336e+02, 7., 7.23333359e+01 ]
      - [ 12., 1.80114689e+01, 1.84737946e+02, 133., 7., 3.66666675e+00,
          1.55555553e+01, 4.50000000e+00, 2.49166660e+01 ]
      - [ 9., 9.45947266e+00, 6.93008118e+02, 159., 1., 7.83333349e+00,
          4.47222233e+00, 4.66666651e+00, 1.02222223e+01 ]
      - [ 9., 1.53872726e+02, 8.97486816e+02, 55., -3., 1.23333330e+01,
          5.48888893e+01, 4.16666651e+00, 1.04722223e+01 ]
      - [ 9., 1.69241714e+02, 4.17769257e+02, 171., -1., 5.33333349e+00,
          9.88888931e+00, 3.83333325e+00, 1.24722223e+01 ]
      - [ 6., 1.20758238e+01, 1.21421921e+02, 87., -16., 5.50000000e+00,
          9.16666687e-01, 4., 2.66666675e+00 ]
      - [ 26., 9.74937439e+00, 5.34431763e+02, 29., -2., 18.,
          9.03333359e+01, 7.33333349e+00, 7.28888855e+01 ]
      - [ 8., 1.30819016e+01, 8.44523773e+01, 77., 2., 6.50000000e+00,
          4.25000000e+00, 4.83333349e+00, 3.13888884e+00 ]
      - [ 15., 1.23018906e+02, 5.46485718e+02, 119., 2., 9.83333302e+00,
          2.68055553e+01, 5.16666651e+00, 2.11388893e+01 ]
      - [ 9., 1.11162786e+01, 6.48602478e+02, 43., -1., 1.56666670e+01,
          1.10222221e+02, 4., 5.33333349e+00 ]
      - [ 13., 2.11170135e+02, 5.33459534e+02, 128., 61., 1.11666670e+01,
          1.01388893e+01, 5.50000000e+00, 1.79166660e+01 ]
      - [ 7., 2.11839081e+02, 5.86869751e+02, 174., 3., 7.16666651e+00,
          1.47222221e+00, 3.83333325e+00, 1.01388893e+01 ]
      - [ 16., 1.21688271e+02, 5.53872986e+02, 72., 3., 1.73333340e+01,
          8.88888855e+01, 5.66666651e+00, 2.32222214e+01 ]
      - [ 15., 1.29213226e+02, 5.43681091e+02, 121., -6., 1.15000000e+01,
          2.52500000e+01, 4.66666651e+00, 2.48888893e+01 ]
      - [ 9., 8.38163300e+01, 6.44078552e+02, 28., -7., 5.83333349e+00,
          4.47222233e+00, 5., 6.66666651e+00 ]
      - [ 8., 1.88049133e+02, 6.44236206e+02, 173., 5., 7.50000000e+00,
          1.58333337e+00, 4.50000000e+00, 7.25000000e+00 ]
      - [ 11., 2.94401050e+00, 6.32121277e+00, 12., -95., 5.,
          1.13333330e+01, 4.33333349e+00, 1.42222223e+01 ]
      - [ 7., 1.51514244e+01, 1.55262695e+02, 87., -8., 3.33333325e+00,
          3.22222233e+00, 3.83333325e+00, 2.47222233e+00 ]
      - [ 18., 6.45086718e+00, 1.97048706e+02, 25., -3., 1.15000000e+01,
          8.29166641e+01, 4.50000000e+00, 3.69166679e+01 ]
      - [ 25., 1.45666672e+02, 1.38294006e+03, 20., 1., 1.81666660e+01,
          1.15138885e+02, 6.16666651e+00, 7.11388855e+01 ]
      - [ 7., 1.82255611e+01, 8.60569839e+01, 89., -7., 4.50000000e+00,
          2.91666675e+00, 3.83333325e+00, 4.47222233e+00 ]
      - [ 10., 2.07832718e+01, 2.12688202e+02, 89., 6., 8.83333302e+00,
          4.80555534e+00, 5.16666651e+00, 1.18055553e+01 ]
      - [ 12., 6.50646286e+01, 2.08461838e+02, 140., 3., 1.05000000e+01,
          1.12500000e+01, 5., 25. ]
      - [ 11., 8.52205887e+01, 2.65815948e+02, 136., 7., 7.50000000e+00,
          1.49166670e+01, 3.83333325e+00, 1.18055553e+01 ]
      - [ 25., 1.90529099e+01, 2.46047974e+02, 81., -101.,
          1.06666670e+01, 6.02222214e+01, 7.33333349e+00, 8.42222214e+01 ]
      - [ 10., 2.04363052e+02, 1.08224866e+03, 157., 49., 8.66666698e+00,
          1.55555558e+00, 4.66666651e+00, 1.48888893e+01 ]
      - [ 9., 2.05432510e+01, 3.00876404e+02, 109., 25., 6.50000000e+00,
          2.29166660e+01, 4.16666651e+00, 5.80555534e+00 ]
      - [ 9., 9.87496872e+01, 5.67554810e+02, 73., -33., 6.66666651e+00,
          5.22222233e+00, 4.16666651e+00, 5.47222233e+00 ]
      - [ 10., 1.10906668e+01, 7.01598816e+02, 107., -2., 7.16666651e+00,
          3.44722214e+01, 4.16666651e+00, 8.47222233e+00 ]
      - [ 6., 1.02829422e+02, 5.58375977e+02, 134., 19., 4.16666651e+00,
          3.13888884e+00, 3.83333325e+00, 4.47222233e+00 ]
      - [ 17., 4.10605698e+01, 6.28380737e+01, 108., 12., 1.28333330e+01,
          4.64722214e+01, 5.66666651e+00, 2.92222214e+01 ]
      - [ 8., 1.30479645e+02, 1.38329260e+03, 34., 3., 7.66666651e+00,
          1.25555553e+01, 4., 7.33333349e+00 ]
      - [ 10., 8.06185989e+01, 8.32674866e+02, 31., -7., 6.83333349e+00,
          1.44722223e+01, 4.83333349e+00, 9.80555534e+00 ]
      - [ 7., 3.49948997e+01, 2.18853928e+02, 98., 9., 13.,
          4.33333321e+01, 4.33333349e+00, 5.55555534e+00 ]
      - [ 8., 1.24941177e+02, 1.14130383e+03, 25., -2., 1.36666670e+01,
          7.48888855e+01, 4.16666651e+00, 6.47222233e+00 ]
      - [ 7., 1.03151512e+02, 1.46017059e+02, 176., -8., 6.,
          6.66666687e-01, 4.16666651e+00, 5.80555534e+00 ]
      - [ 13., 5.95302811e+01, 1.20924644e+02, 131., 8., 7.83333349e+00,
          7.80555534e+00, 4.83333349e+00, 1.58055553e+01 ]
      - [ 7., 1.12199997e+02, 7.14840027e+02, 25., -3., 11.,
          6.86666641e+01, 4.33333349e+00, 4.22222233e+00 ]
      - [ 9., 1.71598816e+01, 1.26281601e+02, 106., 9., 9.,
          5.16666679e+01, 4., 9.33333302e+00 ]
      - [ 13., 5.34300690e+01, 2.74573029e+02, 132., 1., 1.15000000e+01,
          9.25000000e+00, 5.66666651e+00, 2.22222214e+01 ]
      - [ 23., 2.21267822e+02, 1.06918469e+03, 87., -17., 10., 82.,
          5.33333349e+00, 6.45555573e+01 ]
      - [ 11., 1.26857433e+01, 5.23536743e+02, 60., 4., 9.33333302e+00,
          4.08888893e+01, 3.83333325e+00, 1.21388893e+01 ]
      - [ 26., 7.31386375e+00, 1.91457077e+02, 38., -1., 1.81666660e+01,
          1.23472221e+02, 6.50000000e+00, 7.69166641e+01 ]
      - [ 7., 9.45054913e+00, 1.81348862e+02, 78., -11., 3.50000000e+00,
          3.25000000e+00, 4.33333349e+00, 2.55555558e+00 ]
      - [ 23., 9.85324707e+01, 4.75893066e+02, 70., -64., 9.16666698e+00,
          6.31388893e+01, 5.66666651e+00, 6.08888893e+01 ]
      - [ 12., 1.41833328e+02, 8.43676453e+02, 66., -4., 1.28333330e+01,
          7.78055573e+01, 4., 1.36666670e+01 ]
      - [ 10., 2.96833344e+02, 1.74085229e+03, 113., 21., 7.66666651e+00,
          2.08888893e+01, 4., 1.56666670e+01 ]
      - [ 13., 1.05321465e+01, 4.08739624e+02, 101., -6., 7.66666651e+00,
          2.12222214e+01, 4.33333349e+00, 1.65555553e+01 ]
      - [ 26., 1.22514168e+02, 1.22397253e+03, 19., -5., 18., 83.,
          7.16666651e+00, 7.78055573e+01 ]
      - [ 16., 1.16728468e+01, 9.26547699e+01, 76., -2., 8.,
          1.56666670e+01, 6., 21. ]
      - [ 26., 4.97368431e+01, 3.90798492e+02, 19., -1., 1.61666660e+01,
          1.02138885e+02, 7.50000000e+00, 7.72500000e+01 ]
      - [ 26., 4.43405571e+01, 2.91957062e+02, 19., 0., 1.46666670e+01,
          1.30222229e+02, 6.83333349e+00, 7.54722214e+01 ]
      - [ 7., 1.96979523e+01, 2.78184174e+02, 83., 7., 6.66666651e+00,
          1.02222223e+01, 3.83333325e+00, 4.13888884e+00 ]
      - [ 11., 1.02977524e+01, 5.33458557e+02, 55., 2., 8.66666698e+00,
          2.82222214e+01, 4., 12. ]
      - [ 20., 1.81254105e+02, 1.75735388e+03, 61., -12., 4.83333349e+00,
          4.64722214e+01, 5.16666651e+00, 4.61388893e+01 ]
      - [ 8., 9.14289951e+00, 1.25448349e+02, 78., 0., 3.33333325e+00,
          6.22222233e+00, 4.33333349e+00, 6.55555534e+00 ]
      - [ 26., 1.38821426e+02, 1.59500940e+03, 20., 2., 19.,
          1.03333336e+02, 6.50000000e+00, 8.45833359e+01 ]
      - [ 14., 1.15136627e+02, 6.84318176e+02, 67., -141., 5.,
          2.03333340e+01, 4.16666651e+00, 2.44722214e+01 ]
      - [ 11., 1.47742462e+02, 7.12597107e+02, 73., 5., 9.66666698e+00,
          2.35555553e+01, 4., 1.13333330e+01 ]
      - [ 10., 1.02118511e+01, 3.62103607e+02, 99., -7., 5., 9.,
          4.50000000e+00, 1.12500000e+01 ]
      - [ 12., 1.35009403e+01, 2.74798645e+02, 80., -67., 9.33333302e+00,
          4.72222214e+01, 4., 1.56666670e+01 ]
      - [ 8., 4.42151154e+02, 1.35980908e+03, 172., -2., 7.50000000e+00,
          5.83333313e-01, 4.16666651e+00, 1.08055553e+01 ]
      - [ 7., 3.94285706e+02, 1.24637341e+03, 175., 4., 6.,
          3.66666675e+00, 3.83333325e+00, 8.47222233e+00 ]
      - [ 18., 1.15764942e+01, 6.38851929e+02, 105., 0., 6.83333349e+00,
          3.88055573e+01, 6., 4.36666679e+01 ]
      - [ 12., 1.02821320e+02, 6.31784401e+01, 133., 5., 3.66666675e+00,
          1.52222223e+01, 3.83333325e+00, 1.44722223e+01 ]
      - [ 17., 1.44057541e+02, 9.54992676e+02, 109., 14., 4.,
          3.43333321e+01, 3.83333325e+00, 3.54722214e+01 ]
      - [ 8., 1.15769608e+02, 8.67367188e+02, 24., 0., 9.66666698e+00,
          2.12222214e+01, 3.83333325e+00, 6.80555534e+00 ]
      - [ 7., 1.62482758e+02, 3.63973816e+02, 174., 10., 7.16666651e+00,
          1.13888884e+00, 3.83333325e+00, 7.47222233e+00 ]
      - [ 7., 7.12562037e+00, 7.10359741e+02, 194., 55., 3.83333325e+00,
          6.47222233e+00, 4.50000000e+00, 4.91666651e+00 ]
      - [ 7., 1.51369677e+01, 2.40588455e+02, 74., -7., 6.,
          5.33333349e+00, 3.83333325e+00, 3.13888884e+00 ]
      - [ 13., 1.92782608e+02, 1.07280103e+03, 115., 19., 6.83333349e+00,
          1.91388893e+01, 4.83333349e+00, 2.61388893e+01 ]
      - [ 7., 1.90909100e+01, 1.30167618e+02, 100., 11., 4.83333349e+00,
          2.47222233e+00, 4.16666651e+00, 3.13888884e+00 ]
      - [ 7., 1.98080460e+02, 8.45839539e+02, 174., 13., 6.50000000e+00,
          1.91666663e+00, 3.83333325e+00, 8.47222233e+00 ]
      - [ 10., 1.15928986e+02, 5.15332336e+02, 57., -5., 1.61666660e+01,
          1.00805557e+02, 4.33333349e+00, 8.22222233e+00 ]
      - [ 8., 1.01504135e+02, 5.28490173e+02, 66., -7., 6.66666651e+00,
          9.88888931e+00, 4., 5. ]
      - [ 9., 1.26160339e+02, 4.54074951e+02, 158., 1., 8.33333302e+00,
          3.88888884e+00, 4.66666651e+00, 1.08888893e+01 ]
      - [ 26., 1.51421051e+02, 9.06761658e+02, 19., -6., 17., 90.,
          7.50000000e+00, 7.95833359e+01 ]
      - [ 9., 9.29805222e+01, 6.39405151e+02, 28., 0., 1.25000000e+01,
          9.75833359e+01, 3.83333325e+00, 7.13888884e+00 ]
      - [ 12., 7.54362106e+01, 4.45806641e+02, 135., -1., 1.01666670e+01,
          1.38055553e+01, 4.83333349e+00, 2.24722214e+01 ]
      - [ 22., 1.88647064e+02, 1.26895227e+03, 85., -18., 5.83333349e+00,
          5.34722214e+01, 5.16666651e+00, 5.78055573e+01 ]
      - [ 8., 1.71092777e+01, 1.29177994e+02, 97., 5., 5.16666651e+00,
          4.80555534e+00, 4.50000000e+00, 4.91666651e+00 ]
      - [ 6., 126., 1.07020789e+03, 25., -4., 1.53333330e+01,
          1.00888885e+02, 4., 3. ]
      - [ 13., 1.90806396e+02, 8.21744202e+02, 132., 61., 1.03333330e+01,
          1.78888893e+01, 4.66666651e+00, 1.62222214e+01 ]
      - [ 9., 1.24026060e+01, 1.21994362e+02, 81., 5., 3.66666675e+00,
          6.55555534e+00, 3.83333325e+00, 6.13888884e+00 ]
      - [ 9., 2.48398228e+01, 6.04926491e+01, 87., 1., 8.33333302e+00,
          8.22222233e+00, 5.66666651e+00, 3.88888884e+00 ]
      - [ 15., 6.53906250e+00, 4.77303085e+01, 64., -16., 9.16666698e+00,
          1.94722214e+01, 4.33333349e+00, 2.48888893e+01 ]
      - [ 9., 1.56604645e+02, 3.82318390e+02, 172., -4., 7., 2.,
          3.83333325e+00, 9.47222233e+00 ]
      - [ 16., 2.02777786e+01, 1.31416519e+02, 104., -69.,
          6.33333349e+00, 2.48888893e+01, 6., 2.13333340e+01 ]
      - [ 8., 1.08929733e+02, 5.66879272e+02, 74., -35., 1.38333330e+01,
          5.54722214e+01, 4.66666651e+00, 6.55555534e+00 ]
      - [ 11., 4.63571434e+01, 1.25864479e+02, 125., -15.,
          8.66666698e+00, 1.68888893e+01, 4., 1.03333330e+01 ]
      - [ 8., 2.46660690e+02, 1.33345667e+03, 93., 9., 4.66666651e+00,
          3.88888884e+00, 4., 5.66666651e+00 ]
      - [ 10., 1.16879253e+01, 1.28080704e+02, 85., -14., 3.66666675e+00,
          1.25555553e+01, 4., 12. ]
      - [ 19., 1.57480560e+02, 1.01575555e+03, 72., 20., 4.16666651e+00,
          4.41388893e+01, 3.83333325e+00, 4.64722214e+01 ]
      - [ 15., 2.61068970e+02, 1.32855188e+03, 116., -2., 1.28333330e+01,
          2.51388893e+01, 5.16666651e+00, 2.51388893e+01 ]
      - [ 16., 1.66602570e+02, 1.33820837e+03, 24., -1., 1.63333340e+01,
          1.15222221e+02, 4.66666651e+00, 2.62222214e+01 ]
   decision_functions:
      -
         sv_count: 177
         rho: 1.6064180133458206e-01
         alpha: [ 5.0914467519652913e+00, 1.2404369863403117e+01,
             3.3926210692485048e-01, 2.0508799912074696e+01,
             1.1633063221542207e+01, 2.0508799912074696e+01,
             2.0508799912074696e+01, 4.3610930640094647e+00,
             2.0508799912074696e+01, 3.7072319609086715e+00,
             2.0508799912074696e+01, 2.0508799912074696e+01,
             2.0508799912074696e+01, 1.2417856012756767e+00,
             4.1137166980077700e+00, 2.5979807014042269e+00,
             2.0508799912074696e+01, 8.7045963012521521e-01,
             4.7763411755468610e+00, 5.6738873835754342e+00,
             1.7761481398009050e+01, 2.0508799912074696e+01,
             1.3646306085515466e+01, 2.0508799912074696e+01,
             9.6556455690161815e+00, 7.1821800950969434e+00,
             1.6627711675930361e+00, 5.9950421559059830e+00,
             2.2186999050536224e-01, 6.8557242242078384e+00,
             2.0508799912074696e+01, 3.6535947143494827e+00,
             4.1213501297608088e+00, 9.5340903476343382e+00,
             1.6105280303506039e+01, 2.0508799912074696e+01,
             1.0276861298342336e+01, 3.6124043725933177e+00,
             2.0508799912074696e+01, 5.3318113353547760e+00,
             1.1122624569193169e+00, 4.0865752088179530e+00,
             2.2420810044325195e+00, 2.3970607625562619e+00,
             7.5967959387855997e+00, 2.0508799912074696e+01,
             7.9008519949679967e-01, 4.0771173762604374e+00,
             4.0367271155962647e-01, 2.5995271928210939e+00,
             2.0508799912074696e+01, 2.0508799912074696e+01,
             8.5028784365956167e-01, 3.0189860943052609e+00,
             -2.0508799912074696e+01, -3.9266781386423153e+00,
             -2.0260530880435637e-01, -4.9321997402850715e-01,
             -8.3639360334027879e-01, -8.3935819866541750e-01,
             -2.2650431456338596e-01, -5.9983062696876621e-01,
             -1.0174321902245596e+00, -5.5369121694689272e-01,
             -1.8391317911969680e+00, -4.0821408283792149e-01,
             -3.3079526293590322e-01, -4.5228350457517086e-01,
             -4.4024044057283866e+00, -1.9061325103150409e-01,
             -4.3336448529303312e-01, -8.0378773948793985e+00,
             -6.2889141001480919e-01, -2.1503706299129413e-01,
             -2.9364708768185532e-01, -4.2988402176550169e+00,
             -2.0939197026295453e-01, -7.6111750710988113e-01,
             -2.8726900831949731e-01, -6.6401496665610160e-01,
             -4.3362053786068355e-01, -2.4324198490963153e-01,
             -4.0251131004482987e-01, -2.0508799912074696e+01,
             -1.4184534144099531e-01, -9.3339429552720579e-02,
             -6.2079142165930747e+00, -2.0508799912074696e+01,
             -1.6399683880204904e-01, -2.0508799912074696e+01,
             -1.6418334648191021e-01, -4.0742698634267460e-01,
             -1.8776359286108754e-01, -2.1740294413034469e-01,
             -7.3699670401113828e-03, -2.9152699806765897e-01,
             -2.7502285591058689e-01, -3.9549000368249726e-01,
             -2.0508799912074696e+01, -4.7301832475423383e-01,
             -3.1664892262445804e-01, -5.5678291494710486e-01,
             -2.0508799912074696e+01, -1.7783587740184970e+01,
             -2.3618005579305687e-01, -1.2929013296539672e+01,
             -3.9748329021836898e-01, -6.6772354393789346e-01,
             -9.6928462368856962e+00, -1.7083687234189529e-01,
             -1.8924471507802096e-01, -1.9500562766495992e+00,
             -1.0349797307660822e+01, -7.2216715152540623e-01,
             -4.2519759189109713e-01, -7.5870146261686955e+00,
             -5.2335343799477640e-01, -1.4146357287961681e+01,
             -1.2909235842676127e+01, -1.9704547830945079e-01,
             -6.7695961158844353e+00, -1.1751039020552795e+01,
             -6.1623280300120009e-01, -2.2735222675751199e-01,
             -1.8911756771782712e-02, -1.2983168116123320e+01,
             -1.5226451346876135e-01, -1.2243609990457950e-01,
             -7.9442732501673774e-01, -2.7926788326501710e+00,
             -6.6533270400117284e-01, -9.0368781111546284e+00,
             -2.0665209557556966e-02, -1.5993526884946144e-01,
             -1.3301668052458080e+00, -5.5617907461065097e-01,
             -7.8980977919728379e-01, -8.4063540791988220e+00,
             -8.3446310887177577e-01, -7.9289045998313312e-01,
             -2.7458489003668007e-01, -1.0601841503178231e+00,
             -9.6203675411874889e-01, -7.6120177340377870e-01,
             -7.4975922117435334e-01, -2.4382497574632267e-01,
             -1.8586575734553556e+01, -3.8547748440256097e-01,
             -1.6834170060849418e-01, -6.4465030432505455e-01,
             -6.3948910619589394e-01, -8.6237753454158259e+00,
             -3.8089206279447632e-02, -2.0508799912074696e+01,
             -5.3208004520112595e-01, -2.9142588211241199e-01,
             -3.4909459971182899e-01, -5.2744454344332565e+00,
             -4.0260069341161442e-01, -1.7158229447306689e-01,
             -7.4159559687607972e+00, -2.3590195885285498e-01,
             -2.0508799912074696e+01, -2.4764995225495087e-01,
             -4.4316356386594546e-01, -8.7224133162173878e+00,
             -2.0508799912074696e+01, -2.0508799912074696e+01,
             -1.8817162187339804e+01, -1.2990538299527689e+01,
             -4.0875974299652541e-02, -2.0508799912074696e+01,
             -5.9544345268279164e-01, -2.0508799912074696e+01,
             -7.6341003754358761e-02, -6.8515107497751870e-01,
             -3.8125077551792524e-01 ]
         index: [ 0, 1, 2, 3, 4, 5, 6, 7, 8, 9, 10, 11, 12, 13, 14, 15,
             16, 17, 18, 19, 20, 21, 22, 23, 24, 25, 26, 27, 28, 29, 30,
             31, 32, 33, 34, 35, 36, 37, 38, 39, 40, 41, 42, 43, 44, 45,
             46, 47, 48, 49, 50, 51, 52, 53, 54, 55, 56, 57, 58, 59, 60,
             61, 62, 63, 64, 65, 66, 67, 68, 69, 70, 71, 72, 73, 74, 75,
             76, 77, 78, 79, 80, 81, 82, 83, 84, 85, 86, 87, 88, 89, 90,
             91, 92, 93, 94, 95, 96, 97, 98, 99, 100, 101, 102, 103, 104,
             105, 106, 107, 108, 109, 110, 111, 112, 113, 114, 115, 116,
             117, 118, 119, 120, 121, 122, 123, 124, 125, 126, 127, 128,
             129, 130, 131, 132, 133, 134, 135, 136, 137, 138, 139, 140,
             141, 142, 143, 144, 145, 146, 147, 148, 149, 150, 151, 152,
             153, 154, 155, 156, 157, 158, 159, 160, 161, 162, 163, 164,
             165, 166, 167, 168, 169, 170, 171, 172, 173, 174, 175, 176 ]
