%YAML:1.0
my_svm: !!opencv-ml-svm
   svm_type: NU_SVC
   kernel: { type:RBF, gamma:1.5000000000000001e-04 }
   nu: 8.9999999999999997e-02
   term_criteria: { epsilon:2.2204460492503131e-16, iterations:100000 }
   var_all: 9
   var_count: 9
   class_count: 2
   class_labels: !!opencv-matrix
      rows: 1
      cols: 2
      dt: i
      data: [ 0, 1 ]
   sv_total: 33
   support_vectors:
      - [ 6., 2.52162075e+00, 1.44544468e+01, 89., -7., 4.83333349e+00,
          2.47222233e+00, 4.16666651e+00, 2.80555558e+00 ]
      - [ 8., 6.49297762e+00, 1.88704014e+01, 89., 20., 6.16666651e+00,
          3.13888884e+00, 4.16666651e+00, 3.80555558e+00 ]
      - [ 9., 2.05615950e+00, 1.70154011e+00, 23., -62., 3.66666675e+00,
          9.88888931e+00, 4., 8.66666698e+00 ]
      - [ 9., 2.95610189e+00, 7.65597534e+00, 68., 3., 5.33333349e+00,
          4.88888884e+00, 4., 5.33333349e+00 ]
      - [ 7., 2.97520661e+00, 1.03932438e+01, 10., -93., 2.33333325e+00,
          6.22222233e+00, 3.83333325e+00, 6.47222233e+00 ]
      - [ 7., 1.77416646e+00, 3.65248108e+00, 81., -9., 5.66666651e+00,
          1.88888884e+00, 4.66666651e+00, 2.55555558e+00 ]
      - [ 9., 5.41025639e+00, 1.65792866e+01, 39., 11., 5.50000000e+00,
          9.91666698e+00, 4.33333349e+00, 1.05555553e+01 ]
      - [ 7., 1.29857552e+00, 2.06958890e+00, 78., -11., 5.16666651e+00,
          3.80555558e+00, 6., 3.33333325e+00 ]
      - [ 7., 6.04500008e+01, 1.85176544e+02, 16., 1., 7., 0.,
          4.16666651e+00, 9.80555534e+00 ]
      - [ 8., 4.91441965e+00, 9.55087090e+00, 89., 0., 5.16666651e+00,
          2.13888884e+00, 4.50000000e+00, 3.91666675e+00 ]
      - [ 8., 5.70096159e+00, 1.86138000e+01, 96., 1., 4.66666651e+00,
          9.22222233e+00, 4.33333349e+00, 6.88888884e+00 ]
      - [ 8., 3.82921600e+00, 1.97260990e+01, 95., 6., 5.33333349e+00,
          5.22222233e+00, 4.33333349e+00, 6.88888884e+00 ]
      - [ 6., 3.68958330e+00, 9.98729324e+00, 96., 9., 4.33333349e+00,
          8.88888896e-01, 3.83333325e+00, 2.80555558e+00 ]
      - [ 7., 4.35483885e+00, 3.18140697e+01, 34., -1., 6.66666651e+00,
          5.55555582e-01, 4., 9. ]
      - [ 6., 3.81757069e+00, 5.93890190e+00, 97., 18., 3.66666675e+00,
          2.88888884e+00, 4.16666651e+00, 2.47222233e+00 ]
      - [ 8., 2.01313901e+00, 3.03834224e+00, 91., -5., 4.33333349e+00,
          3.55555558e+00, 3.83333325e+00, 4.13888884e+00 ]
      - [ 8., 1.10951757e+01, 3.01341286e+01, 65., 1., 4.16666651e+00,
          8.80555534e+00, 4.50000000e+00, 6.91666651e+00 ]
      - [ 7., 6.70881748e-01, 2.88768202e-01, 99., 31., 3.50000000e+00,
          4.58333349e+00, 4.50000000e+00, 4.58333349e+00 ]
      - [ 7., 5.29113913e+00, 1.70509720e+01, 79., 0., 5.16666651e+00,
          6.80555534e+00, 4.33333349e+00, 7.88888884e+00 ]
      - [ 7., 1.17765961e+01, 3.66184731e+01, 94., 1., 6.,
          3.33333325e+00, 4.50000000e+00, 3.58333325e+00 ]
      - [ 7., 2.64404702e+00, 6.89078379e+00, 103., 10., 4.50000000e+00,
          2.91666675e+00, 3.83333325e+00, 4.47222233e+00 ]
      - [ 7., 1.54611206e+00, 8.91204166e+00, 79., -2., 5., 8.,
          4.50000000e+00, 7.25000000e+00 ]
      - [ 7., 5.34677410e+00, 1.69307117e+01, 80., 0., 5.50000000e+00,
          4.58333349e+00, 4.16666651e+00, 8.80555534e+00 ]
      - [ 9., 1.58410239e+00, 7.24787235e-01, 86., -19., 5.66666651e+00,
          4.55555534e+00, 6.33333349e+00, 3.22222233e+00 ]
      - [ 8., 5.01412058e+00, 2.57302647e+01, 82., -1., 5.33333349e+00,
          5.88888884e+00, 4.33333349e+00, 7.55555534e+00 ]
      - [ 7., 4.00401449e+00, 3.29567261e+01, 59., -9., 5.66666651e+00,
          7.22222233e+00, 3.83333325e+00, 3.47222233e+00 ]
      - [ 7., 2.04074073e+00, 1.37579689e+01, 60., -1., 7., 0.,
          4.83333349e+00, 6.47222233e+00 ]
      - [ 6., 5.24637699e+00, 1.97174854e+01, 69., 7., 4.83333349e+00,
          3.47222233e+00, 4., 2.66666675e+00 ]
      - [ 6., 8.77511978e+00, 1.64828968e+01, 110., 24., 5.66666651e+00,
          5.55555582e-01, 4., 2.66666675e+00 ]
      - [ 8., 8.18729115e+00, 4.39343567e+01, 46., 0., 7.83333349e+00,
          2.13888884e+00, 3.83333325e+00, 9.13888931e+00 ]
      - [ 7., 8.25915718e+00, 1.71613693e+01, 105., 0., 6.50000000e+00,
          1.25000000e+00, 4.83333349e+00, 3.13888884e+00 ]
      - [ 7., 9.18105721e-01, 4.20996934e-01, 105., 6., 5.16666651e+00,
          2.80555558e+00, 5.50000000e+00, 2.58333325e+00 ]
      - [ 7., 2.28652477e+00, 1.27655134e+01, 94., 4., 6.83333349e+00,
          8.05555582e-01, 4.33333349e+00, 4.88888884e+00 ]
   decision_functions:
      -
         sv_count: 33
         rho: 2.4903631260037860e+00
         alpha: [ 3.0340674313407760e+02, 1.1577112051562290e+02,
             1.0277592667436983e+00, 6.0563455270176945e+01,
             2.5080676521266136e+00, 3.4170948926710558e+01,
             4.4941269777804607e+00, 3.0340674313407760e+02,
             3.1934225966994902e+00, 2.2051887414869233e+02,
             3.0340674313407760e+02, 3.0340674313407760e+02,
             3.0340674313407760e+02, 7.2603678411354281e+01,
             3.7348818738115376e+01, 3.0340674313407760e+02,
             3.0340674313407760e+02, -1.5182122763759034e+01,
             -3.0340674313407760e+02, -1.4675785945437408e+02,
             -3.0340674313407760e+02, -3.0340674313407760e+02,
             -2.8688629774270424e+02, -3.0340674313407760e+02,
             -5.0557389486613204e+01, -7.1623438451541602e+01,
             -8.2161727171451542e+00, -3.0340674313407760e+02,
             -5.1576540419292352e+00, -1.8940096671911064e+01,
             -1.7990890401145427e+02, -1.6963047033414259e+02,
             -2.0615335309660128e+02 ]
         index: [ 0, 1, 2, 3, 4, 5, 6, 7, 8, 9, 10, 11, 12, 13, 14, 15,
             16, 17, 18, 19, 20, 21, 22, 23, 24, 25, 26, 27, 28, 29, 30,
             31, 32 ]
